11112222222222222222222222222222222222222222221111
11111                    00           3      11111
111111     0   0                      3     111111
1111111    0   0    00         000   3     1111111
21111111   0   0          00   000  3     11111112
2 111111    000                000  3     111111 2
2  11111            333333         3      11111  2
2   111           23300000332      3    00 111   2
2               22  3333333  2     3    00       2
2      2       2             022  23             2
2      2     22              00 2223             2
2 0   244   2  0     0           22              2
2     2 44  2 00          00      22             2
2     2  442                       2     0   33  2
2    2    42                        2       3  3 2
2    2     2                   0     2      3  332
2   2  00 2         22   22          2      3 0032
2   2 000 2       220     02         2      3 0002
23332 000 2      2 00     002        44     3 0002
20002 00 2       2           2        44    3  002
20002    2       2           2        44     3   2
20002         002    00 00    200     33     3   2
23332         002    00 00    200    3003    3  32
2   2         0020     0      200    3  3     33 2
2    2        0020   00 00    2      3003        2
2    2   00     2    00 00   2        33         2
2    2         2             2        44         2
2     2                       2      44          2
2      2                             44          2
2      2 00        22200022          44          2
2      4          2  0222  2         2     00    2
2       4            000         33332           2
2        4           000        3  002           2
2  00     2  00                3   02        00  2
2  00     2               0    30   2            2
2  00      2                   300 2     00      2
2           200                 332             32
2           200  00              2       11    302
2            2            333  22   00   111  3002
2             22         33  32          111  3002
2               22       3 00 3          111  3002
2 0  111       3  222     300  3        11111  302
2   11111      3  300      3  33      11111111  32
2  111111       33          333   111  11111111  2
2 1111111       44   000     441111111  11111111 2
21111111        44  0   0    44111 11     11111112
1111111     0   44  0   0    44 1111       1111111
111111        3333  0   0   3333            111111
11111        3 00 3        3 00 3            11111
11112222222222222222222222222222222222222222221111
